
# 2 200
100

# 2 400
264

# 2 600
269

# 2 800
372

# 2 1000
439

# 2 1200
530

# 2 1400
660

# 2 1600
717

# 2 1800
808

# 2 2000
901

# 2 2200
1063

# 2 2400
1081

# 2 2600
1205

# 2 2800
1298

# 2 3000
1373

# 2 3200
1480

# 2 3400
1585

# 2 3600
1717

# 2 3800
1821

# 2 4000
1884

# 50 200
111

# 50 400
198

# 50 600
293

# 50 800
388

# 50 1000
494

# 50 1200
578

# 50 1400
696

# 50 1600
798

# 50 1800
907

# 50 2000
1026

# 50 2200
1144

# 50 2400
1364

# 50 2600
1385

# 50 2800
1531

# 50 3000
1690

# 50 3200
1893

# 50 3400
2117

# 50 3600
2454

# 50 3800
2680

# 50 4000
2856

# 100 200
115

# 100 400
201

# 100 600
296

# 100 800
399

# 100 1000
534

# 100 1200
594

# 100 1400
683

# 100 1600
801

# 100 1800
900

# 100 2000
1072

# 100 2200
1149

# 100 2400
1246

# 100 2600
1371

# 100 2800
1508

# 100 3000
1621

# 100 3200
1787

# 100 3400
1880

# 100 3600
2038

# 100 3800
2251

# 100 4000
2688

# 200 200
109

# 200 400
200

# 200 600
290

# 200 800
401

# 200 1000
485

# 200 1200
580

# 200 1400
681

# 200 1600
791

# 200 1800
895

# 200 2000
1013

# 200 2200
1166

# 200 2400
1231

# 200 2600
1343

# 200 2800
1472

# 200 3000
1668

# 200 3200
1741

# 200 3400
1867

# 200 3600
1987

# 200 3800
2152

# 200 4000
2363

# 400 400
198

# 400 800
383

# 400 1200
615

# 400 1600
838

# 400 2000
1055

# 400 2400
1293

# 400 2800
1551

# 400 3200
1825

# 400 3600
2100

# 400 4000
2385

# 600 600
313

# 600 1200
640

# 600 1800
947

# 600 2400
1304

# 600 3000
1676

# 600 3600
2094

# 800 800
408

# 800 1600
840

# 800 2400
1295

# 800 3200
1831

# 800 4000
2594

# 1000 1000
505

# 1000 2000
1075

# 1000 3000
1677

# 1000 4000
2392

# 1200 1200
612

# 1200 2400
1353

# 1200 3600
2101

# 1400 1400
716

# 1400 2800
1576

# 1600 1600
870

# 1600 3200
1919

# 1800 1800
1038

# 1800 3600
2206

# 2000 2000
1107

# 2000 4000
2542

# 2200 2200
1238

# 2400 2400
1367

# 2600 2600
1665

# 2800 2800
1723

# 3000 3000
1806

# 3200 3200
1942

# 3400 3400
2118

# 3600 3600
2186

# 3800 3800
2407

# 4000 4000
2691
