
user buffer_size: 256B

# 2 200
112

# 2 400
155

# 2 600
263

# 2 800
296

# 2 1000
314

# 2 1200
358

# 2 1400
399

# 2 1600
486

# 2 1800
543

# 2 2000
558

# 2 2200
665

# 2 2400
723

# 2 2600
794

# 2 2800
843

# 2 3000
891

# 2 3200
944

# 2 3400
1022


# 2 3600
1405

# 2 3800
1537

# 2 4000
1631

# 50 200
84

# 50 400
132

# 50 600
193

# 50 800
241

# 50 1000
296

# 50 1200
348

# 50 1400
403

# 50 1600
457

# 50 1800
509

# 50 2000
620

# 50 2200
630

# 50 2400
690

# 50 2600
743

# 50 2800
799

# 50 3000
871

# 50 3200
929

# 50 3400
1027

# 50 3600
1043

# 50 3800
1103

# 50 4000
1206

# 100 200
79

# 100 400
134

# 100 600
192

# 100 800
245

# 100 1000
288

# 100 1200
347

# 100 1400
409

# 100 1600
452

# 100 1800
523

# 100 2000
555

# 100 2200
634

# 100 2400
686

# 100 2600
766

# 100 2800
801

# 100 3000
864

# 100 3200
912

# 100 3400
980

# 100 3600
1040

# 100 3800
1101

# 100 4000
1151

# 200 200
76

# 200 400
131

# 200 600
182

# 200 800
239

# 200 1000
303

# 200 1200
348

# 200 1400
410

# 200 1600
458

# 200 1800
502

# 200 2000
568

# 200 2200
619

# 200 2400
669

# 200 2600
724

# 200 2800
790

# 200 3000
846

# 200 3200
946

# 200 3400
999

# 200 3600
1082

# 200 3800
1115

# 200 4000
1162

# 400 400
131

# 400 800
237

# 400 1200
340

# 400 1600
455

# 400 2000
564

# 400 2400
677

# 400 2800
840

# 400 3200
954

# 400 3600
1074

# 400 4000
1198

# 600 600
191

# 600 1200
356

# 600 1800
529

# 600 2400
722

# 600 3000
880

# 600 3600
1066

# 800 800
264

# 800 1600
494

# 800 2400
695

# 800 3200
918

# 800 4000
1150

# 1000 1000
292

# 1000 2000
564

# 1000 3000
870

# 1000 4000
1144

# 1200 1200
339

# 1200 2400
668

# 1200 3600
1033

# 1400 1400
392

# 1400 2800
792

# 1600 1600
457

# 1600 3200
896

# 1800 1800
502

# 1800 3600
1024

# 2000 2000
562

# 2000 4000
1155

# 2200 2200
616

# 2400 2400
675

# 2600 2600
722

# 2800 2800
792

# 3000 3000
841

# 3200 3200
954

# 3400 3400
972

# 3600 3600
1051

# 3800 3800
1080

# 4000 4000
1145
