
# 2 200
110

# 2 400
207

# 2 600
284

# 2 800
405

# 2 1000
466

# 2 1200
553

# 2 1400
636

# 2 1600
720

# 2 1800
832

# 2 2000
956

# 2 2200
1092

# 2 2400
1102

# 2 2600
1227

# 2 2800
1309

# 2 3000
1455

# 2 3200
1548

# 2 3400
1599

# 2 3600
1612

# 2 3800
1821

# 2 4000
1948

# 50 200
113

# 50 400
211

# 50 600
327

# 50 800
394

# 50 1000
495

# 50 1200
605

# 50 1400
703

# 50 1600
816

# 50 1800
981

# 50 2000
1036

# 50 2200
1173

# 50 2400
1277

# 50 2600
1518

# 50 2800
1681

# 50 3000
1705

# 50 3200
2013

# 50 3400
2121

# 50 3600
2455

# 50 3800
2700

# 50 4000
3148

# 100 200
111

# 100 400
205

# 100 600
299

# 100 800
397

# 100 1000
493

# 100 1200
602

# 100 1400
705

# 100 1600
829

# 100 1800
933

# 100 2000
1029

# 100 2200
1147

# 100 2400
1253

# 100 2600
1391

# 100 2800
1593

# 100 3000
1681

# 100 3200
1783

# 100 3400
1955

# 100 3600
2106

# 100 3800
2446

# 100 4000
2692

# 200 200
114

# 200 400
207

# 200 600
302

# 200 800
412

# 200 1000
491

# 200 1200
501

# 200 1400
695

# 200 1600
814

# 200 1800
933

# 200 2000
1029

# 200 2200
1180

# 200 2400
1292

# 200 2600
1512

# 200 2800
1522

# 200 3000
1618

# 200 3200
1804

# 200 3400
1883

# 200 3600
2030

# 200 3800
2456

# 200 4000
2395

# 400 400
200

# 400 800
414

# 400 1200
599

# 400 1600
814

# 400 2000
1036

# 400 2400
1271

# 400 2800
1506

# 400 3200
1794

# 400 3600
2085

# 400 4000
2360

# 600 600
296

# 600 1200
593

# 600 1800
913

# 600 2400
1273

# 600 3000
1625

# 600 3600
2036

# 800 800
395

# 800 1600
808

# 800 2400
1305

# 800 3200
1792

# 800 4000
2561

# 1000 1000
569

# 1000 2000
1176

# 1000 3000
1795

# 1000 4000
2599

# 1200 1200
661

# 1200 2400
1358

# 1200 3600
2314

# 1400 1400
797

# 1400 2800
1613

# 1600 1600
873

# 1600 3200
1913

# 1800 1800
952

# 1800 3600
2027

# 2000 2000
1053

# 2000 4000
2315

# 2200 2200
1156

# 2400 2400
1279

# 2600 2600
1522

# 2800 2800
1632

# 3000 3000
1852

# 3200 3200
1980

# 3400 3400
2183

# 3600 3600
2136

# 3800 3800
2183

# 4000 4000
2520
