
# 2 200
123

# 2 400
230

# 2 600
340

# 2 800
440

# 2 1000
542

# 2 1200
650

# 2 1400
749

# 2 1600
812

# 2 1800
963

# 2 2000
1107

# 2 2200
1162

# 2 2400
1303

# 2 2600
1426

# 2 2800
1634

# 2 3000
1661

# 2 3200
1850

# 2 3400
1792

# 2 3600
2047

# 2 3800
2192

# 2 4000
2186

# 50 200
128

# 50 400
226

# 50 600
346

# 50 800
471

# 50 1000
607

# 50 1200
711

# 50 1400
797

# 50 1600
912

# 50 1800
1033

# 50 2000
1299

# 50 2200
1470

# 50 2400
1522

# 50 2600
1674

# 50 2800
1831

# 50 3000
2131

# 50 3200
2209

# 50 3400
2574

# 50 3600
3084

# 50 3800
3283

# 50 4000
3657

# 100 200
122

# 100 400
244

# 100 600
362

# 100 800
464

# 100 1000
630

# 100 1200
706

# 100 1400
845

# 100 1600
948

# 100 1800
1107

# 100 2000
1220

# 100 2200
1484

# 100 2400
1603

# 100 2600
1631

# 100 2800
1755

# 100 3000
1909

# 100 3200
2036

# 100 3400
2346

# 100 3600
2497

# 100 3800
2792

# 100 4000
3566

# 200 200
151

# 200 400
269

# 200 600
362

# 200 800
479

# 200 1000
611

# 200 1200
749

# 200 1400
956

# 200 1600
1097

# 200 1800
1191

# 200 2000
1318

# 200 2200
1446

# 200 2400
1644

# 200 2600
1857

# 200 2800
1943

# 200 3000
2029

# 200 3200
2240

# 200 3400
2527

# 200 3600
2845

# 200 3800
3038

# 200 4000
3553

# 400 400
316

# 400 800
547

# 400 1200
773

# 400 1600
1116

# 400 2000
1442

# 400 2400
1860

# 400 2800
1973

# 400 3200
2487

# 400 3600
3187

# 400 4000
3224

# 600 600
419

# 600 1200
793

# 600 1800
1210

# 600 2400
1618

# 600 3000
2352

# 600 3600
3215

# 800 800
564

# 800 1600
1059

# 800 2400
1595

# 800 3200
2374

# 800 4000
3341

# 1000 1000
707

# 1000 2000
1319

# 1000 3000
2179

# 1000 4000
2934

# 1200 1200
743

# 1200 2400
1707

# 1200 3600
2284

# 1400 1400
913

# 1400 2800
1757

# 1600 1600
1003

# 1600 3200
2102

# 1800 1800
1281

# 1800 3600
3247

# 2000 2000
1615

# 2000 4000
3132

# 2200 2200
1857

# 2400 2400
1771

# 2600 2600
1888

# 2800 2800
2000

# 3000 3000
2064

# 3200 3200
2158

# 3400 3400
2387

# 3600 3600
2592

# 3800 3800
2797

# 4000 4000
2878
