
# 2 200
90

# 2 400
155

# 2 600
226

# 2 800
343

# 2 1000
427

# 2 1200
430

# 2 1400
502

# 2 1600
655

# 2 1800
693

# 2 2000
745

# 2 2200
821

# 2 2400
888

# 2 2600
973

# 2 2800
1056

# 2 3000
1144

# 2 3200
1287

# 2 3400
1341

# 2 3600
1400

# 2 3800
1507

# 2 4000
1663

# 50 200
76

# 50 400
139

# 50 600
181

# 50 800
239

# 50 1000
288

# 50 1200
367

# 50 1400
432

# 50 1600
447

# 50 1800
505

# 50 2000
557

# 50 2200
608

# 50 2400
666

# 50 2600
677

# 50 2800
793

# 50 3000
848

# 50 3200
903

# 50 3400
968

# 50 3600
1045

# 50 3800
1074

# 50 4000
1150

# 100 200
75

# 100 400
128

# 100 600
178

# 100 800
229

# 100 1000
290

# 100 1200
332

# 100 1400
401

# 100 1600
445

# 100 1800
506

# 100 2000
568

# 100 2200
648

# 100 2400
658

# 100 2600
761

# 100 2800
782

# 100 3000
838

# 100 3200
952

# 100 3400
952

# 100 3600
1043

# 100 3800
1073

# 100 4000
1155

# 200 200
77

# 200 400
128

# 200 600
183

# 200 800
238

# 200 1000
282

# 200 1200
335

# 200 1400
391

# 200 1600
450

# 200 1800
491

# 200 2000
555

# 200 2200
608

# 200 2400
660

# 200 2600
711

# 200 2800
778

# 200 3000
821

# 200 3200
897

# 200 3400
951

# 200 3600
1009

# 200 3800
1061

# 200 4000
1119

# 400 400
136

# 400 800
231

# 400 1200
344

# 400 1600
444

# 400 2000
552

# 400 2400
653

# 400 2800
776

# 400 3200
889

# 400 3600
1016

# 400 4000
1130

# 600 600
187

# 600 1200
350

# 600 1800
515

# 600 2400
687

# 600 3000
861

# 600 3600
1040

# 800 800
241

# 800 1600
459

# 800 2400
684

# 800 3200
924

# 800 4000
1164

# 1000 1000
300

# 1000 2000
571

# 1000 3000
862

# 1000 4000
1163

# 1200 1200
347

# 1200 2400
690

# 1200 3600
1043

# 1400 1400
406

# 1400 2800
800

# 1600 1600
462

# 1600 3200
930

# 1800 1800
516

# 1800 3600
1045

# 2000 2000
571

# 2000 4000
1174

# 2200 2200
629

# 2400 2400
686

# 2600 2600
744

# 2800 2800
801

# 3000 3000
865

# 3200 3200
923

# 3400 3400
985

# 3600 3600
1048

# 3800 3800
1109

# 4000 4000
1167
