
# 2 200
120

# 2 400
217

# 2 600
273

# 2 800
433

# 2 1000
440

# 2 1200
530

# 2 1400
620

# 2 1600
704

# 2 1800
880

# 2 2000
903

# 2 2200
975

# 2 2400
1089

# 2 2600
1154

# 2 2800
1293

# 2 3000
1536

# 2 3200
1567

# 2 3400
1662

# 2 3600
1670

# 2 3800
1772

# 2 4000
1928

# 50 200
95

# 50 400
173

# 50 600
235

# 50 800
323

# 50 1000
459

# 50 1200
464

# 50 1400
597

# 50 1600
636

# 50 1800
694

# 50 2000
805

# 50 2200
847

# 50 2400
1023

# 50 2600
1024

# 50 2800
1140

# 50 3000
1170

# 50 3200
1237

# 50 3400
1355

# 50 3600
1467

# 50 3800
1540

# 50 4000
1554

# 100 200
94

# 100 400
166

# 100 600
236

# 100 800
316

# 100 1000
389

# 100 1200
462

# 100 1400
572

# 100 1600
631

# 100 1800
717

# 100 2000
774

# 100 2200
838

# 100 2400
925

# 100 2600
985

# 100 2800
1152

# 100 3000
1162

# 100 3200
1262

# 100 3400
1315

# 100 3600
1460

# 100 3800
1473

# 100 4000
1542

# 200 200
93

# 200 400
163

# 200 600
239

# 200 800
309

# 200 1000
386

# 200 1200
468

# 200 1400
601

# 200 1600
617

# 200 1800
685

# 200 2000
759

# 200 2200
835

# 200 2400
921

# 200 2600
1018

# 200 2800
1114

# 200 3000
1143

# 200 3200
1231

# 200 3400
1314

# 200 3600
1384

# 200 3800
1425

# 200 4000
1555

# 400 400
162

# 400 800
313

# 400 1200
465

# 400 1600
613

# 400 2000
762

# 400 2400
925

# 400 2800
1125

# 400 3200
1296

# 400 3600
1455

# 400 4000
1617

# 600 600
249

# 600 1200
486

# 600 1800
716

# 600 2400
957

# 600 3000
1200

# 600 3600
1444

# 800 800
326

# 800 1600
639

# 800 2400
956

# 800 3200
1287

# 800 4000
1616

# 1000 1000
405

# 1000 2000
795

# 1000 3000
1201

# 1000 4000
1619

# 1200 1200
483

# 1200 2400
954

# 1200 3600
1447

# 1400 1400
680

# 1400 2800
1126

# 1600 1600
642

# 1600 3200
1292

# 1800 1800
725

# 1800 3600
1440

# 2000 2000
802

# 2000 4000
1614

# 2200 2200
879

# 2400 2400
954

# 2600 2600
1050

# 2800 2800
1126

# 3000 3000
1196

# 3200 3200
1286

# 3400 3400
1360

# 3600 3600
1450

# 3800 3800
1529

# 4000 4000
1618
